119542
171380
231131
297267
367638
439472
509399
573516
627478
666611
686074
681031
646856
579350
474979
331101
146202
-79891
-345818
-648529
-983170
-1343026
-1719513
-2102254
-2479209
-2836896
-3160675
-3435105
-3644379
-3772806
-3805344
-3728180
-3529314
-3199158
-2731111
-2122102
-1373073
-489383
518886
1636738
2844208
4116453
5423996
6733144
8006553
9203971
10283121
11200733
11913685
12380251
12561415
12422217
11933107
11071261
9821823
8179034
6147205
3741508
988541
-2073361
-5394089
-8912015
-12554558
-16239053
-19873934
-23360200
-26593164
-29464429
-31864088
-33683073
-34815624
-35161813
-34630065
-33139624
-30622888
-27027562
-22318571
-16479669
-9514706
-1448500
7672704
17781239
28788467
40585705
53045606
66023979
79362021
92888910
106424724
119783614
132777174
145217926
156922861
167716937
177436470
185932346
193072958
198746826
202864830
205361994
206198803
205361994
202864830
198746826
193072958
185932346
177436470
167716937
156922861
145217926
132777174
119783614
106424724
92888910
79362021
66023979
53045606
40585705
28788467
17781239
7672704
-1448500
-9514706
-16479669
-22318571
-27027562
-30622888
-33139624
-34630065
-35161813
-34815624
-33683073
-31864088
-29464429
-26593164
-23360200
-19873934
-16239053
-12554558
-8912015
-5394089
-2073361
988541
3741508
6147205
8179034
9821823
11071261
11933107
12422217
12561415
12380251
11913685
11200733
10283121
9203971
8006553
6733144
5423996
4116453
2844208
1636738
518886
-489383
-1373073
-2122102
-2731111
-3199158
-3529314
-3728180
-3805344
-3772806
-3644379
-3435105
-3160675
-2836896
-2479209
-2102254
-1719513
-1343026
-983170
-648529
-345818
-79891
146202
331101
474979
579350
646856
681031
686074
666611
627478
573516
509399
439472
367638
297267
231131
171380
119542
