0.0000278331
0.0000399026
0.0000538143
0.0000692128
0.0000855975
0.0001023224
0.0001186036
0.0001335322
0.0001460960
0.0001552075
0.0001597391
0.0001585650
0.0001506078
0.0001348905
0.0001105896
0.0000770904
0.0000340403
-0.0000186010
-0.0000805169
-0.0001509973
-0.0002289122
-0.0003126976
-0.0004003554
-0.0004894691
-0.0005772358
-0.0006605164
-0.0007359019
-0.0007997978
-0.0008485232
-0.0008784247
-0.0008860007
-0.0008680345
-0.0008217325
-0.0007448620
-0.0006358863
-0.0004940905
-0.0003196936
-0.0001139434
0.0001208126
0.0003810828
0.0006622188
0.0009584363
0.0012628725
0.0015676822
0.0018641708
0.0021429664
0.0023942258
0.0026078738
0.0027738708
0.0028825018
0.0029246823
0.0028922727
0.0027783929
0.0025777288
0.0022868214
0.0019043297
0.0014312577
0.0008711378
0.0002301627
-0.0004827420
-0.0012559093
-0.0020749903
-0.0029230858
-0.0037809491
-0.0046272607
-0.0054389705
-0.0061917035
-0.0068602219
-0.0074189361
-0.0078424515
-0.0081061442
-0.0081867475
-0.0080629404
-0.0077159201
-0.0071299467
-0.0062928447
-0.0051964473
-0.0038369720
-0.0022153150
-0.0003372553
0.0017864407
0.0041400174
0.0067028374
0.0094495958
0.0123506425
0.0153724055
0.0184779104
0.0216273847
0.0247789370
0.0278892960
0.0309145948
0.0338111832
0.0365364508
0.0390496423
0.0413126476
0.0432907479
0.0449533011
0.0462743515
0.0472331489
0.0478145653
0.0480094000
0.0478145653
0.0472331489
0.0462743515
0.0449533011
0.0432907479
0.0413126476
0.0390496423
0.0365364508
0.0338111832
0.0309145948
0.0278892960
0.0247789370
0.0216273847
0.0184779104
0.0153724055
0.0123506425
0.0094495958
0.0067028374
0.0041400174
0.0017864407
-0.0003372553
-0.0022153150
-0.0038369720
-0.0051964473
-0.0062928447
-0.0071299467
-0.0077159201
-0.0080629404
-0.0081867475
-0.0081061442
-0.0078424515
-0.0074189361
-0.0068602219
-0.0061917035
-0.0054389705
-0.0046272607
-0.0037809491
-0.0029230858
-0.0020749903
-0.0012559093
-0.0004827420
0.0002301627
0.0008711378
0.0014312577
0.0019043297
0.0022868214
0.0025777288
0.0027783929
0.0028922727
0.0029246823
0.0028825018
0.0027738708
0.0026078738
0.0023942258
0.0021429664
0.0018641708
0.0015676822
0.0012628725
0.0009584363
0.0006622188
0.0003810828
0.0001208126
-0.0001139434
-0.0003196936
-0.0004940905
-0.0006358863
-0.0007448620
-0.0008217325
-0.0008680345
-0.0008860007
-0.0008784247
-0.0008485232
-0.0007997978
-0.0007359019
-0.0006605164
-0.0005772358
-0.0004894691
-0.0004003554
-0.0003126976
-0.0002289122
-0.0001509973
-0.0000805169
-0.0000186010
0.0000340403
0.0000770904
0.0001105896
0.0001348905
0.0001506078
0.0001585650
0.0001597391
0.0001552075
0.0001460960
0.0001335322
0.0001186036
0.0001023224
0.0000855975
0.0000692128
0.0000538143
0.0000399026
0.0000278331
